0.000000000000000000e+00 9.802356791640141864e+01
2.020202020202020200e-03 1.023754320947339522e+02
4.040404040404040401e-03 1.030912067045859573e+02
6.060606060606060601e-03 1.011763168614902355e+02
8.080808080808080801e-03 9.918960904800373157e+01
1.010101010101010013e-02 1.006581749758140774e+02
1.212121212121212120e-02 9.638341924563744101e+01
1.414141414141414227e-02 9.601172214054039955e+01
1.616161616161616160e-02 9.627722621126115143e+01
1.818181818181818094e-02 9.871205257126587185e+01
2.020202020202020027e-02 9.702054235586022912e+01
2.222222222222222307e-02 9.994882853008188306e+01
2.424242424242424240e-02 9.575184838186174829e+01
2.626262626262626174e-02 1.012128255297189838e+02
2.828282828282828454e-02 9.504960664365501088e+01
3.030303030303030387e-02 9.842329713871495755e+01
3.232323232323232320e-02 9.647317609971453578e+01
3.434343434343434254e-02 9.519957418039741981e+01
3.636363636363636187e-02 9.667524845828025093e+01
3.838383838383838120e-02 1.042627292616465553e+02
4.040404040404040054e-02 9.901935807683911150e+01
4.242424242424242681e-02 9.864400155242057622e+01
4.444444444444444614e-02 1.041022861384507081e+02
4.646464646464646547e-02 1.040280127851956138e+02
4.848484848484848481e-02 9.903031237941050335e+01
5.050505050505050414e-02 9.397988785603062922e+01
5.252525252525252347e-02 1.008543691136206348e+02
5.454545454545454281e-02 1.007936239909531508e+02
5.656565656565656908e-02 1.012735019381672004e+02
5.858585858585858841e-02 1.015283292525654275e+02
6.060606060606060774e-02 9.525756360284010782e+01
6.262626262626262708e-02 9.299136224485280877e+01
6.464646464646464641e-02 9.282942097508855284e+01
6.666666666666666574e-02 1.008733943225178393e+02
6.868686868686868507e-02 9.817772989180099330e+01
7.070707070707070441e-02 1.004362947649474336e+02
7.272727272727272374e-02 9.363638910950845684e+01
7.474747474747474307e-02 1.020409960046564635e+02
7.676767676767676241e-02 1.014737465835914634e+02
7.878787878787878174e-02 9.836579990206605828e+01
8.080808080808080107e-02 1.003555374597672767e+02
8.282828282828283428e-02 9.803364228672752745e+01
8.484848484848485362e-02 9.382798973282989152e+01
8.686868686868687295e-02 9.889918818533692502e+01
8.888888888888889228e-02 9.425672671547496861e+01
9.090909090909091161e-02 9.779103908673799594e+01
9.292929292929293095e-02 9.940418618016366281e+01
9.494949494949495028e-02 1.021825684911361662e+02
9.696969696969696961e-02 9.298283082431044022e+01
9.898989898989898895e-02 9.686553529652822192e+01
1.010101010101010083e-01 9.427678930443468630e+01
1.030303030303030276e-01 9.766903079720977132e+01
1.050505050505050469e-01 1.010737390902374671e+02
1.070707070707070663e-01 9.868838434786458436e+01
1.090909090909090856e-01 1.017598990915078190e+02
1.111111111111111049e-01 9.533684721671409079e+01
1.131313131313131382e-01 1.023068895041541140e+02
1.151515151515151575e-01 1.020170892851043760e+02
1.171717171717171768e-01 9.885765320581364790e+01
1.191919191919191962e-01 9.870995195770295538e+01
1.212121212121212155e-01 9.918817210988912336e+01
1.232323232323232348e-01 1.007415533459557366e+02
1.252525252525252542e-01 9.733660937842178384e+01
1.272727272727272596e-01 9.908724503546169160e+01
1.292929292929292928e-01 1.005350683727527326e+02
1.313131313131313260e-01 9.424814538053986723e+01
1.333333333333333315e-01 9.743929760944689633e+01
1.353535353535353647e-01 9.716913861599452673e+01
1.373737373737373701e-01 1.028861572558904811e+02
1.393939393939394034e-01 9.330180505434064742e+01
1.414141414141414088e-01 9.925392493479306211e+01
1.434343434343434420e-01 9.292516457550314612e+01
1.454545454545454475e-01 1.017135195407870754e+02
1.474747474747474807e-01 9.898851428059370505e+01
1.494949494949494861e-01 9.997606056715132183e+01
1.515151515151515194e-01 9.576382726021604697e+01
1.535353535353535248e-01 9.440955479233441849e+01
1.555555555555555580e-01 1.013458898725560431e+02
1.575757575757575635e-01 9.740300730791896910e+01
1.595959595959595967e-01 9.233253213891816813e+01
1.616161616161616021e-01 9.372250141073342888e+01
1.636363636363636354e-01 9.621184202726280432e+01
1.656565656565656686e-01 9.306287030556629247e+01
1.676767676767676740e-01 9.953477750247613187e+01
1.696969696969697072e-01 9.696830210178096365e+01
1.717171717171717127e-01 9.698718420790122252e+01
1.737373737373737459e-01 9.885923503118492306e+01
1.757575757575757514e-01 9.397208552539728998e+01
1.777777777777777846e-01 9.469747423864757252e+01
1.797979797979797900e-01 9.636928097617376920e+01
1.818181818181818232e-01 1.015267031972182821e+02
1.838383838383838287e-01 9.351460816026005318e+01
1.858585858585858619e-01 9.762338185530130374e+01
1.878787878787878673e-01 1.015791138023226949e+02
1.898989898989899006e-01 9.634322522111042986e+01
1.919191919191919060e-01 9.768723767730674012e+01
1.939393939393939392e-01 1.000023179450424209e+02
1.959595959595959724e-01 9.925467951682142598e+01
1.979797979797979779e-01 9.669722002213677570e+01
2.000000000000000111e-01 9.759027899999999534e+01
2.019972000000000156e-01 9.561307200000000250e+01
2.039944000000000202e-01 9.709597700000000486e+01
2.059915999999999969e-01 1.012357499999999959e+02
2.079888000000000015e-01 1.026568699999999978e+02
2.100000000000000200e-01 1.016682700000000068e+02
2.120000000000000218e-01 1.000000000000000000e+02
2.140000000000000235e-01 1.019772099999999995e+02
2.160000000000000253e-01 1.048812300000000022e+02
2.179999999999999993e-01 1.064877100000000070e+02
2.200000000000000011e-01 1.072291599999999931e+02
2.220000000000000029e-01 1.046958699999999993e+02
2.240000000000000047e-01 1.032129599999999954e+02
2.260000000000000064e-01 1.012975399999999979e+02
2.280000000000000082e-01 1.019772099999999995e+02
2.300000000000000100e-01 1.084649200000000064e+02
2.320000000000000118e-01 1.193395600000000059e+02
2.340000000000000135e-01 1.632088400000000092e+02
2.358999999999999986e-01 1.921872899999999902e+02
2.379000000000000004e-01 2.295070699999999988e+02
2.399000000000000021e-01 3.184196099999999774e+02
2.419000000000000039e-01 3.700741499999999746e+02
2.439000000000000057e-01 4.843814399999999978e+02
2.459000000000000075e-01 5.415968699999999671e+02
2.479000000000000092e-01 6.054853799999999637e+02
2.499000000000000110e-01 7.159000399999999900e+02
2.519000000000000128e-01 7.666277599999999666e+02
2.539000000000000146e-01 8.471989600000000564e+02
2.559000000000000163e-01 8.787724799999999732e+02
2.579000000000000181e-01 9.307977499999999509e+02
2.599000000000000199e-01 9.468007700000000568e+02
2.619000000000000217e-01 9.587875900000000229e+02
2.639000000000000234e-01 9.725044599999999946e+02
2.659000000000000252e-01 9.806604399999999941e+02
2.679000000000000270e-01 9.833790999999999940e+02
2.699000000000000288e-01 9.906082699999999477e+02
2.719000000000000306e-01 9.990113999999999805e+02
2.739000000000000323e-01 9.980845799999999599e+02
2.759000000000000341e-01 1.000000000000000000e+03
2.779000000000000359e-01 9.919058099999999740e+02
2.799000000000000377e-01 9.901757499999999936e+02
2.819000000000000394e-01 9.898668099999999868e+02
2.839000000000000412e-01 9.822051400000000285e+02
2.859000000000000430e-01 9.777564200000000483e+02
2.879000000000000448e-01 9.799807799999999816e+02
2.898999999999999910e-01 9.747288200000000415e+02
2.918999999999999928e-01 9.668199899999999616e+02
2.938999999999999946e-01 9.654606599999999617e+02
2.958999999999999964e-01 9.624948500000000422e+02
2.978999999999999981e-01 9.608265800000000354e+02
2.998999999999999999e-01 9.561924999999999955e+02
3.019000000000000017e-01 9.533502700000000232e+02
3.039000000000000035e-01 9.561307199999999966e+02
3.059000000000000052e-01 9.524852399999999761e+02
3.078000000000000180e-01 9.453796499999999696e+02
3.098000000000000198e-01 9.351228899999999840e+02
3.118000000000000216e-01 9.362350699999999506e+02
3.138000000000000234e-01 9.351228899999999840e+02
3.158000000000000251e-01 9.307359599999999773e+02
3.178000000000000269e-01 9.315392000000000507e+02
3.198000000000000287e-01 9.358643399999999701e+02
3.218000000000000305e-01 9.288205400000000509e+02
3.237999999999999767e-01 9.270286999999999580e+02
3.257999999999999785e-01 9.244336100000000442e+02
3.277999999999999803e-01 9.284498099999999567e+02
3.297999999999999821e-01 9.254840000000000373e+02
3.317999999999999838e-01 9.195523799999999710e+02
3.337999999999999856e-01 9.104077999999999520e+02
3.357999999999999874e-01 9.124467899999999645e+02
3.377999999999999892e-01 9.066387499999999591e+02
3.397999999999999909e-01 8.969998600000000124e+02
3.417999999999999927e-01 8.937251099999999724e+02
3.437999999999999945e-01 8.887821000000000140e+02
3.457999999999999963e-01 8.791432099999999537e+02
3.477999999999999980e-01 8.712961699999999610e+02
3.497999999999999998e-01 8.628930400000000418e+02
3.518000000000000016e-01 8.632637600000000475e+02
3.538000000000000034e-01 8.562199600000000146e+02
3.558000000000000052e-01 8.543045399999999745e+02
3.578000000000000069e-01 8.457778399999999692e+02
3.598000000000000087e-01 8.433681199999999762e+02
3.618000000000000105e-01 8.315666599999999562e+02
3.638000000000000123e-01 8.252025300000000243e+02
3.658000000000000140e-01 8.240903499999999440e+02
3.678000000000000158e-01 8.136482200000000375e+02
3.698000000000000176e-01 8.171701199999999972e+02
3.718000000000000194e-01 8.164286700000000110e+02
3.738000000000000211e-01 8.104352599999999711e+02
3.758000000000000229e-01 8.038239700000000312e+02
3.778000000000000247e-01 8.062954799999999977e+02
3.797000000000000375e-01 8.019085499999999911e+02
3.817000000000000393e-01 8.021557099999999991e+02
3.837000000000000410e-01 8.043800599999999577e+02
3.857000000000000428e-01 8.039475499999999784e+02
3.877000000000000446e-01 8.025882199999999784e+02
3.897000000000000464e-01 7.983866500000000315e+02
3.917000000000000481e-01 7.942468800000000329e+02
3.937000000000000499e-01 7.915900000000000318e+02
3.957000000000000517e-01 7.861526800000000321e+02
3.976999999999999980e-01 7.828779299999999921e+02
3.996999999999999997e-01 7.760194999999999936e+02
4.017000000000000015e-01 7.746601699999999937e+02
4.037000000000000033e-01 7.716943599999999606e+02
4.057000000000000051e-01 7.562474300000000085e+02
4.077000000000000068e-01 7.570506699999999682e+02
4.097000000000000086e-01 7.454963599999999815e+02
4.117000000000000104e-01 7.407387099999999691e+02
4.137000000000000122e-01 7.292461899999999559e+02
4.157000000000000139e-01 7.304201600000000099e+02
4.177000000000000157e-01 7.254771399999999630e+02
4.197000000000000175e-01 7.197308799999999565e+02
4.217000000000000193e-01 7.147260700000000497e+02
4.237000000000000210e-01 7.148496499999999969e+02
4.257000000000000228e-01 7.180008199999999761e+02
4.277000000000000246e-01 7.126870800000000372e+02
4.296999999999999709e-01 7.089798200000000179e+02
4.316999999999999726e-01 7.073115500000000111e+02
4.336999999999999744e-01 7.066318800000000238e+02
4.356999999999999762e-01 7.021831700000000183e+02
4.376999999999999780e-01 7.007002599999999575e+02
4.396999999999999797e-01 7.005149000000000115e+02
4.416999999999999815e-01 7.003295299999999770e+02
4.436999999999999833e-01 6.926678600000000188e+02
4.456999999999999851e-01 6.911231599999999844e+02
4.476999999999999869e-01 6.837086399999999458e+02
4.495999999999999996e-01 6.806810400000000527e+02
4.516000000000000014e-01 6.759851700000000392e+02
4.536000000000000032e-01 6.756144399999999450e+02
4.556000000000000050e-01 6.763559000000000196e+02
4.576000000000000068e-01 6.679527699999999868e+02
4.596000000000000085e-01 6.652958899999999858e+02
4.616000000000000103e-01 6.591171199999999999e+02
4.636000000000000121e-01 6.588699699999999666e+02
4.656000000000000139e-01 6.572634900000000471e+02
4.676000000000000156e-01 6.552245000000000346e+02
4.696000000000000174e-01 6.567074000000000069e+02
4.716000000000000192e-01 6.548537700000000541e+02
4.736000000000000210e-01 6.580049400000000333e+02
4.756000000000000227e-01 6.510847199999999475e+02
4.776000000000000245e-01 6.505904199999999946e+02
4.796000000000000263e-01 6.489221499999999878e+02
4.816000000000000281e-01 6.491075100000000475e+02
4.836000000000000298e-01 6.504668400000000474e+02
4.856000000000000316e-01 6.476246099999999615e+02
4.876000000000000334e-01 6.465124299999999948e+02
4.896000000000000352e-01 6.397775599999999940e+02
4.916000000000000369e-01 6.397157799999999952e+02
4.936000000000000387e-01 6.335987900000000081e+02
4.955999999999999850e-01 6.298915299999999888e+02
4.975999999999999868e-01 6.288411399999999958e+02
4.995999999999999885e-01 6.287793500000000222e+02
5.016000000000000458e-01 6.259989000000000487e+02
5.036000000000000476e-01 6.138267200000000230e+02
5.056000000000000494e-01 6.061650399999999763e+02
5.076000000000000512e-01 6.089454899999999498e+02
5.096000000000000529e-01 6.009748700000000099e+02
5.116000000000000547e-01 5.998009100000000444e+02
5.136000000000000565e-01 5.943017999999999574e+02
5.156000000000000583e-01 5.913977800000000116e+02
5.176000000000000600e-01 5.894205699999999979e+02
5.196000000000000618e-01 5.775573299999999790e+02
5.215000000000000746e-01 5.770012400000000525e+02
5.235000000000000764e-01 5.819442500000000109e+02
5.255000000000000782e-01 5.837360999999999649e+02
5.275000000000000799e-01 5.766923000000000457e+02
5.295000000000000817e-01 5.829946499999999787e+02
5.315000000000000835e-01 5.750240300000000389e+02
5.335000000000000853e-01 5.783605700000000525e+02
5.355000000000000870e-01 5.770012400000000525e+02
5.375000000000000888e-01 5.795963199999999915e+02
5.395000000000000906e-01 5.857750899999999774e+02
5.415000000000000924e-01 5.810792300000000523e+02
5.435000000000000941e-01 5.739736400000000458e+02
5.454999999999999849e-01 5.738500599999999849e+02
5.474999999999999867e-01 5.713167700000000195e+02
5.494999999999999885e-01 5.687834699999999657e+02
5.514999999999999902e-01 5.669916200000000117e+02
5.534999999999999920e-01 5.666209000000000060e+02
5.554999999999999938e-01 5.675477100000000519e+02
5.574999999999999956e-01 5.592681599999999662e+02
5.594999999999999973e-01 5.572291599999999789e+02
5.614999999999999991e-01 5.503089400000000069e+02
5.635000000000000009e-01 5.550048100000000204e+02
5.655000000000000027e-01 5.485170900000000529e+02
5.675000000000000044e-01 5.462309500000000071e+02
5.695000000000000062e-01 5.432651399999999740e+02
5.715000000000000080e-01 5.456748599999999669e+02
5.735000000000000098e-01 5.470341899999999669e+02
5.755000000000000115e-01 5.414115100000000211e+02
5.775000000000000133e-01 5.406700499999999465e+02
5.795000000000000151e-01 5.340587699999999813e+02
5.815000000000000169e-01 5.383221200000000408e+02
5.835000000000000187e-01 5.297954099999999471e+02
5.855000000000000204e-01 5.288686000000000149e+02
5.875000000000000222e-01 5.260881500000000415e+02
5.895000000000000240e-01 5.179321700000000419e+02
5.914000000000000368e-01 5.157695999999999685e+02
5.934000000000000385e-01 5.062542900000000259e+02
5.953999999999999293e-01 5.008169700000000262e+02
5.973999999999999311e-01 4.959975299999999834e+02
5.993999999999999329e-01 4.904984200000000101e+02
6.013999999999999346e-01 4.875944000000000074e+02
6.033999999999999364e-01 4.885830000000000268e+02
6.053999999999999382e-01 4.850611000000000104e+02
6.073999999999999400e-01 4.840107100000000173e+02
6.093999999999999417e-01 4.851846800000000144e+02
6.113999999999999435e-01 4.843814399999999978e+02
6.133999999999999453e-01 4.838253500000000145e+02
6.153999999999999471e-01 4.887065799999999740e+02
6.173999999999999488e-01 4.940203200000000265e+02
6.193999999999999506e-01 4.909927200000000198e+02
6.213999999999999524e-01 4.897569700000000239e+02
6.233999999999999542e-01 4.854318299999999908e+02
6.253999999999999559e-01 4.825895899999999870e+02
6.273999999999999577e-01 4.812920500000000175e+02
6.293999999999999595e-01 4.823424400000000105e+02
6.313999999999999613e-01 4.733214300000000208e+02
6.333999999999999631e-01 4.744336099999999874e+02
6.353999999999999648e-01 4.709735000000000014e+02
6.373999999999999666e-01 4.654743900000000281e+02
6.393999999999999684e-01 4.658451200000000085e+02
6.413999999999999702e-01 4.597281300000000215e+02
6.433999999999999719e-01 4.560208700000000022e+02
6.453999999999999737e-01 4.572566199999999981e+02
6.473999999999999755e-01 4.448990800000000263e+02
6.493999999999999773e-01 4.428600900000000138e+02
6.513999999999999790e-01 4.377934900000000198e+02
6.533999999999999808e-01 4.376081300000000169e+02
6.553999999999999826e-01 4.355073499999999740e+02
6.573999999999999844e-01 4.326651100000000270e+02
6.593999999999999861e-01 4.341480199999999741e+02
6.613999999999999879e-01 4.322943799999999896e+02
6.633000000000000007e-01 4.311204200000000242e+02
6.653000000000000025e-01 4.351366199999999935e+02
6.673000000000000043e-01 4.363723699999999894e+02
6.693000000000000060e-01 4.307496899999999869e+02
6.713000000000000078e-01 4.312439899999999966e+02
6.733000000000000096e-01 4.248798600000000079e+02
6.753000000000000114e-01 4.253123699999999872e+02
6.773000000000000131e-01 4.242619799999999941e+02
6.793000000000000149e-01 4.226555000000000177e+02
6.813000000000000167e-01 4.257448899999999981e+02
6.833000000000000185e-01 4.271042199999999980e+02
6.853000000000000203e-01 4.171563899999999876e+02
6.873000000000000220e-01 4.151791799999999739e+02
6.893000000000000238e-01 4.120280099999999948e+02
6.913000000000000256e-01 4.128312500000000114e+02
6.933000000000000274e-01 4.079500199999999950e+02
6.953000000000000291e-01 4.094329299999999989e+02
6.973000000000000309e-01 4.073939300000000117e+02
6.993000000000000327e-01 4.038102400000000216e+02
7.013000000000000345e-01 4.007826400000000149e+02
7.033000000000000362e-01 3.988054399999999760e+02
7.053000000000000380e-01 3.983111400000000231e+02
7.073000000000000398e-01 4.052931500000000256e+02
7.093000000000000416e-01 4.072703599999999824e+02
7.113000000000000433e-01 4.083207499999999754e+02
7.133000000000000451e-01 4.101125900000000115e+02
7.153000000000000469e-01 4.056638699999999744e+02
7.173000000000000487e-01 3.947274499999999762e+02
7.193000000000000504e-01 3.934916900000000055e+02
7.213000000000000522e-01 3.881161599999999794e+02
7.233000000000000540e-01 3.915762700000000223e+02
7.253000000000000558e-01 3.935534799999999791e+02
7.273000000000000576e-01 3.829877799999999866e+02
7.293000000000000593e-01 3.818138099999999895e+02
7.313000000000000611e-01 3.792805200000000241e+02
7.333000000000000629e-01 3.752025300000000243e+02
7.352000000000000757e-01 3.736578299999999899e+02
7.372000000000000774e-01 3.715570500000000038e+02
7.392000000000000792e-01 3.678497899999999845e+02
7.412000000000000810e-01 3.681587299999999914e+02
7.432000000000000828e-01 3.635246500000000083e+02
7.452000000000000846e-01 3.588287799999999947e+02
7.472000000000000863e-01 3.611767100000000141e+02
7.492000000000000881e-01 3.583962700000000154e+02
7.512000000000000899e-01 3.540093400000000088e+02
7.532000000000000917e-01 3.526500100000000089e+02
7.552000000000000934e-01 3.490045299999999884e+02
7.572000000000000952e-01 3.483248699999999758e+02
7.592000000000000970e-01 3.462858699999999885e+02
7.612000000000000988e-01 3.429493299999999749e+02
7.632000000000001005e-01 3.396745799999999917e+02
7.652000000000001023e-01 3.333722399999999766e+02
7.672000000000001041e-01 3.325072099999999864e+02
7.692000000000001059e-01 3.235479900000000271e+02
7.712000000000001076e-01 3.250308899999999994e+02
7.732000000000001094e-01 3.274406200000000240e+02
7.752000000000001112e-01 3.292324600000000032e+02
7.772000000000001130e-01 3.314568199999999933e+02
7.792000000000001148e-01 3.273170400000000200e+02
7.812000000000001165e-01 3.305299999999999727e+02
7.832000000000001183e-01 3.282438599999999838e+02
7.852000000000001201e-01 3.299121200000000158e+02
7.872000000000001219e-01 3.264520099999999729e+02
7.891999999999999016e-01 3.296031899999999837e+02
7.911999999999999034e-01 3.291088799999999992e+02
7.931999999999999051e-01 3.224975999999999772e+02
7.951999999999999069e-01 3.236715599999999995e+02
7.971999999999999087e-01 3.213854200000000105e+02
7.991999999999999105e-01 3.210146899999999732e+02
8.011999999999999122e-01 3.186049699999999802e+02
8.031999999999999140e-01 3.199025100000000066e+02
8.050999999999999268e-01 3.192846400000000244e+02
8.070999999999999286e-01 3.187285499999999843e+02
8.090999999999999304e-01 3.132912299999999846e+02
8.110999999999999321e-01 3.127969200000000001e+02
8.130999999999999339e-01 3.132912299999999846e+02
8.150999999999999357e-01 3.112522299999999973e+02
8.170999999999999375e-01 3.047027299999999741e+02
8.190999999999999392e-01 3.022312200000000075e+02
8.210999999999999410e-01 3.005629500000000007e+02
8.230999999999999428e-01 2.996361400000000117e+02
8.250999999999999446e-01 2.974735699999999952e+02
8.270999999999999464e-01 2.949402699999999982e+02
8.290999999999999481e-01 2.932102199999999925e+02
8.310999999999999499e-01 2.880200500000000261e+02
8.330999999999999517e-01 2.844363599999999792e+02
8.350999999999999535e-01 2.856721099999999751e+02
8.370999999999999552e-01 2.839420600000000263e+02
8.390999999999999570e-01 2.837566899999999919e+02
8.410999999999999588e-01 2.773925600000000031e+02
8.430999999999999606e-01 2.741178100000000200e+02
8.450999999999999623e-01 2.700398200000000202e+02
8.470999999999999641e-01 2.715845100000000230e+02
8.490999999999999659e-01 2.683715500000000134e+02
8.510999999999999677e-01 2.709048500000000104e+02
8.530999999999999694e-01 2.710284199999999828e+02
8.550999999999999712e-01 2.725113299999999867e+02
8.570999999999999730e-01 2.741178100000000200e+02
8.590999999999999748e-01 2.722641800000000103e+02
8.610999999999999766e-01 2.716462999999999965e+02
8.630999999999999783e-01 2.684951300000000174e+02
8.650999999999999801e-01 2.640464099999999803e+02
8.670999999999999819e-01 2.618220499999999902e+02
8.690999999999999837e-01 2.609570200000000000e+02
8.710999999999999854e-01 2.588562400000000139e+02
8.730999999999999872e-01 2.565700899999999933e+02
8.750999999999999890e-01 2.522449499999999887e+02
8.770000000000000018e-01 2.437182500000000118e+02
8.790000000000000036e-01 2.403817099999999982e+02
8.810000000000000053e-01 2.423589200000000119e+02
8.830000000000000071e-01 2.455718799999999931e+02
8.850000000000000089e-01 2.455100899999999911e+02
8.870000000000000107e-01 2.513799300000000017e+02
8.890000000000000124e-01 2.495880799999999908e+02
8.910000000000000142e-01 2.491555700000000115e+02
8.930000000000000160e-01 2.456336699999999951e+02
8.950000000000000178e-01 2.477344500000000096e+02
8.970000000000000195e-01 2.524303199999999947e+02
8.990000000000000213e-01 2.537896499999999946e+02
9.010000000000000231e-01 2.516270800000000065e+02
9.030000000000000249e-01 2.481669599999999889e+02
9.050000000000000266e-01 2.478580300000000136e+02
9.070000000000000284e-01 2.406906500000000051e+02
9.090000000000000302e-01 2.404435000000000002e+02
9.110000000000000320e-01 2.375394799999999975e+02
9.130000000000000338e-01 2.373541099999999915e+02
9.150000000000000355e-01 2.338322100000000034e+02
9.170000000000000373e-01 2.311135500000000036e+02
9.190000000000000391e-01 2.270355600000000038e+02
9.210000000000000409e-01 2.237608099999999922e+02
9.230000000000000426e-01 2.213510899999999992e+02
9.250000000000000444e-01 2.245022700000000100e+02
9.270000000000000462e-01 2.233283000000000129e+02
9.290000000000000480e-01 2.192503100000000131e+02
9.310000000000000497e-01 2.177674000000000092e+02
9.330000000000000515e-01 2.177674000000000092e+02
9.350000000000000533e-01 2.177674000000000092e+02
9.370000000000000551e-01 2.177674000000000092e+02
9.390000000000000568e-01 2.177674000000000092e+02
9.410000000000000586e-01 2.209185799999999915e+02
9.430000000000000604e-01 2.209185799999999915e+02
9.450000000000000622e-01 2.209185799999999915e+02
9.469000000000000750e-01 2.209185799999999915e+02
9.489000000000000767e-01 2.209185799999999915e+02
9.509000000000000785e-01 2.186324299999999994e+02
9.529000000000000803e-01 2.179527699999999868e+02
9.549000000000000821e-01 2.144308699999999988e+02
9.569000000000000838e-01 2.138747799999999870e+02
9.589000000000000856e-01 2.145544399999999996e+02
9.609000000000000874e-01 2.104764499999999998e+02
9.629000000000000892e-01 2.095496400000000108e+02
9.649000000000000909e-01 2.028147700000000100e+02
9.669000000000000927e-01 2.075724299999999971e+02
9.689000000000000945e-01 2.032472899999999925e+02
9.709000000000000963e-01 2.074488499999999931e+02
9.729000000000000981e-01 2.081903100000000109e+02
9.749000000000000998e-01 2.070163400000000138e+02
9.769000000000001016e-01 2.066456100000000049e+02
9.789000000000001034e-01 2.047919799999999952e+02
9.809000000000001052e-01 2.073870699999999943e+02
9.829000000000001069e-01 2.078813700000000040e+02
9.849000000000001087e-01 2.089317599999999970e+02
9.869000000000001105e-01 2.047919799999999952e+02
9.889000000000001123e-01 1.951530999999999949e+02
9.909000000000001140e-01 1.939791299999999978e+02
9.929000000000001158e-01 1.910751099999999951e+02
9.949000000000001176e-01 1.884800199999999961e+02
9.969000000000001194e-01 1.867499699999999905e+02
9.989000000000001211e-01 1.806329800000000034e+02
1.000899999999999901e+00 1.783468399999999860e+02
1.002899999999999903e+00 1.814980099999999936e+02
1.004899999999999904e+00 1.816833699999999965e+02
1.006899999999999906e+00 1.832898500000000013e+02
1.008899999999999908e+00 1.865646000000000129e+02
1.010899999999999910e+00 1.887271700000000010e+02
1.012899999999999912e+00 1.883564499999999953e+02
1.014899999999999913e+00 1.901482900000000029e+02
1.016899999999999915e+00 1.893450499999999863e+02
1.018799999999999928e+00 1.887271700000000010e+02
1.020799999999999930e+00 1.865646000000000129e+02
1.022799999999999931e+00 1.838459400000000130e+02
1.024799999999999933e+00 1.811890699999999867e+02
1.026799999999999935e+00 1.764314200000000028e+02
1.028799999999999937e+00 1.736509700000000009e+02
1.030799999999999939e+00 1.675339800000000139e+02
1.032799999999999940e+00 1.641356600000000014e+02
1.034799999999999942e+00 1.600576700000000017e+02
1.036799999999999944e+00 1.585747599999999977e+02
1.038799999999999946e+00 1.583893999999999949e+02
1.040799999999999947e+00 1.553000099999999861e+02
1.042799999999999949e+00 1.542496199999999931e+02
1.044799999999999951e+00 1.523959900000000118e+02
1.046799999999999953e+00 1.532610200000000020e+02
1.048799999999999955e+00 1.553617999999999881e+02
1.050799999999999956e+00 1.600576700000000017e+02
1.052799999999999958e+00 1.622820299999999918e+02
1.054799999999999960e+00 1.645063800000000072e+02
1.056799999999999962e+00 1.665453799999999944e+02
1.058799999999999963e+00 1.668543200000000013e+02
1.060799999999999965e+00 1.663600199999999916e+02
1.062799999999999967e+00 1.637649299999999926e+02
1.064799999999999969e+00 1.627145399999999995e+02
1.066799999999999971e+00 1.656185600000000022e+02
1.068799999999999972e+00 1.596869399999999928e+02
1.070799999999999974e+00 1.576479500000000087e+02
1.072799999999999976e+00 1.535081700000000069e+02
1.074799999999999978e+00 1.522106300000000090e+02
1.076799999999999979e+00 1.510984500000000139e+02
1.078799999999999981e+00 1.495537600000000111e+02
1.080799999999999983e+00 1.522724200000000110e+02
1.082799999999999985e+00 1.538171100000000138e+02
1.084799999999999986e+00 1.540642599999999902e+02
1.086799999999999988e+00 1.489976699999999994e+02
1.088799999999999990e+00 1.542496199999999931e+02
1.090700000000000003e+00 1.543731999999999971e+02
1.092700000000000005e+00 1.606137600000000134e+02
1.094700000000000006e+00 1.575243700000000047e+02
1.096700000000000008e+00 1.573390100000000018e+02
1.098700000000000010e+00 1.552382299999999873e+02
1.100700000000000012e+00 1.556089499999999930e+02
1.102700000000000014e+00 1.546203500000000020e+02
1.104700000000000015e+00 1.517163299999999992e+02
1.106700000000000017e+00 1.541878299999999911e+02
1.108700000000000019e+00 1.527667199999999923e+02
1.110700000000000021e+00 1.521488400000000070e+02
1.112700000000000022e+00 1.436221299999999985e+02
1.114700000000000024e+00 1.446725299999999947e+02
1.116700000000000026e+00 1.404709599999999909e+02
1.118700000000000028e+00 1.394205699999999979e+02
1.120700000000000029e+00 1.385555400000000077e+02
1.122700000000000031e+00 1.402238099999999861e+02
1.124700000000000033e+00 1.396677200000000028e+02
1.126700000000000035e+00 1.405327499999999930e+02
1.128700000000000037e+00 1.410888400000000047e+02
1.130700000000000038e+00 1.446107399999999927e+02
1.132700000000000040e+00 1.454757700000000114e+02
1.134700000000000042e+00 1.447343099999999936e+02
1.136700000000000044e+00 1.439928600000000074e+02
1.138700000000000045e+00 1.466497300000000052e+02
1.140700000000000047e+00 1.460318599999999947e+02
1.142700000000000049e+00 1.462790099999999995e+02
1.144700000000000051e+00 1.415831399999999860e+02
1.146700000000000053e+00 1.371962100000000078e+02
1.148700000000000054e+00 1.367637000000000000e+02
1.150700000000000056e+00 1.370108500000000049e+02
1.152700000000000058e+00 1.354661499999999990e+02
1.154700000000000060e+00 1.313881599999999992e+02
1.156700000000000061e+00 1.338596699999999942e+02
1.158700000000000063e+00 1.290402300000000082e+02
1.160600000000000076e+00 1.190306199999999990e+02
1.162600000000000078e+00 1.174241399999999942e+02
1.164600000000000080e+00 1.214403400000000062e+02
1.166600000000000081e+00 1.224907299999999992e+02
1.168600000000000083e+00 1.188452599999999961e+02
1.170600000000000085e+00 1.166826899999999938e+02
1.172600000000000087e+00 1.172387800000000055e+02
1.174600000000000088e+00 1.193395600000000059e+02
1.176600000000000090e+00 1.158794500000000056e+02
1.178600000000000092e+00 1.160648099999999943e+02
1.180600000000000094e+00 1.189688299999999970e+02
1.182600000000000096e+00 1.187834699999999941e+02
1.184600000000000097e+00 1.130372100000000017e+02
1.186600000000000099e+00 1.114307299999999969e+02
1.188600000000000101e+00 1.067966499999999996e+02
1.190600000000000103e+00 1.045104999999999933e+02
1.192600000000000104e+00 1.039544099999999958e+02
1.194600000000000106e+00 1.017918399999999934e+02
1.196600000000000108e+00 1.005560899999999975e+02
1.198600000000000110e+00 1.001235800000000040e+02
