  0.000000 109.796827 
  0.002000 109.886352 
  0.004000 109.829155 
  0.006000 110.510544 
  0.008000  96.733562 
  0.010000 103.176912 
  0.012000 101.255844 
  0.014000 105.530687 
  0.016000  98.337561 
  0.018000 106.694519 
  0.020000  98.767781 
  0.022000  98.399731 
  0.024000 105.738337 
  0.026000  99.072416 
  0.028000 100.737342 
  0.030000  88.127922 
  0.032000  96.871581 
  0.034000  97.975729 
  0.036000 104.861733 
  0.038000  98.914503 
  0.040000 107.700438 
  0.042000  98.102556 
  0.044000 102.925744 
  0.046000  94.157217 
  0.048000 101.275739 
  0.050000 105.166368 
  0.052000 119.265393 
  0.054000 225.465035 
  0.056000 465.951706 
  0.058000 679.764747 
  0.060000 818.418631 
  0.062000 917.385358 
  0.064000 945.191734 
  0.066000 961.950413 
  0.068000 984.417587 
  0.070000 989.443450 
  0.072000 989.273103 
  0.074000 992.213767 
  0.076000 1000.000000 
  0.078000 988.885159 
  0.080000 989.265642 
  0.082000 986.911867 
  0.084000 977.636029 
  0.086000 980.114145 
  0.088000 964.475778 
  0.090000 962.371929 
  0.092000 955.508306 
  0.094000 957.655675 
  0.096000 949.753805 
  0.098000 932.226699 
  0.100000 934.379041 
  0.102000 930.534418 
  0.104000 913.268427 
  0.106000 904.936337 
  0.108000 902.307769 
  0.110000 894.856013 
  0.112000 877.035462 
  0.114000 879.859246 
  0.116000 860.734358 
  0.118000 854.104496 
  0.120000 847.247090 
  0.122000 847.584054 
  0.124000 840.740326 
  0.126000 824.083607 
  0.128000 828.094847 
  0.130000 813.222421 
  0.132000 807.747687 
  0.134000 794.051527 
  0.136000 783.256242 
  0.138000 779.672735 
  0.140000 773.347508 
  0.142000 767.651447 
  0.144000 762.088431 
  0.146000 746.487367 
  0.148000 753.624540 
  0.150000 741.176763 
  0.152000 726.013379 
  0.154000 717.688750 
  0.156000 712.003879 
  0.158000 703.970208 
  0.160000 697.189894 
  0.162000 694.689396 
  0.164000 685.082811 
  0.166000 678.973938 
  0.168000 678.081170 
  0.170000 675.545857 
  0.172000 666.544813 
  0.174000 660.816423 
  0.176000 647.720830 
  0.178000 635.005720 
  0.180000 642.384114 
  0.182000 636.190689 
  0.184000 621.571919 
  0.186000 622.066796 
  0.188000 612.306028 
  0.190000 612.543519 
  0.192000 601.923555 
  0.194000 601.737044 
  0.196000 587.793445 
  0.198000 585.808963 
  0.200000 579.415349 
  0.202000 571.646523 
  0.204000 562.482592 
  0.206000 564.988063 
  0.208000 558.744902 
  0.210000 548.713071 
  0.212000 541.175520 
  0.214000 539.416095 
  0.216000 535.991744 
  0.218000 532.676813 
  0.220000 527.265493 
  0.222000 524.132100 
  0.224000 520.041281 
  0.226000 518.796628 
  0.228000 513.391525 
  0.230000 512.595743 
  0.232000 499.118422 
  0.234000 491.020093 
  0.236000 491.988710 
  0.238000 496.078285 
  0.240000 487.199095 
  0.242000 479.222620 
  0.244000 484.420074 
  0.246000 479.692629 
  0.248000 465.632150 
  0.250000 463.255993 
  0.252000 459.840346 
  0.254000 458.333333 
  0.256000 454.925147 
  0.258000 443.249527 
  0.260000 440.249179 
  0.262000 435.907192 
  0.264000 436.124789 
  0.266000 432.939172 
  0.268000 426.313041 
  0.270000 424.812245 
  0.272000 419.889585 
  0.274000 408.204019 
  0.276000 406.802696 
  0.278000 408.747389 
  0.280000 418.836417 
  0.282000 410.137521 
  0.284000 397.556699 
  0.286000 393.141351 
  0.288000 390.875858 
  0.290000 387.289864 
  0.292000 392.492291 
  0.294000 384.395205 
  0.296000 377.565155 
  0.298000 365.776385 
  0.300000 375.795782 
  0.302000 371.594300 
  0.304000 362.159306 
  0.306000 361.862131 
  0.308000 358.532279 
  0.310000 347.648712 
  0.312000 359.120412 
  0.314000 358.521088 
  0.316000 347.341590 
  0.318000 352.977967 
  0.320000 347.749428 
  0.322000 344.236795 
  0.324000 344.307669 
  0.326000 332.062568 
  0.328000 334.709788 
  0.330000 331.723118 
  0.332000 337.963792 
  0.334000 322.653685 
  0.336000 332.741470 
  0.338000 323.484283 
  0.340000 319.717995 
  0.342000 320.732617 
  0.344000 314.523028 
  0.346000 304.103253 
  0.348000 316.757436 
  0.350000 315.603551 
  0.352000 307.247837 
  0.354000 303.430568 
  0.356000 308.933900 
  0.358000 298.647170 
  0.360000 295.155675 
  0.362000 299.553616 
  0.364000 296.685069 
  0.366000 291.837014 
  0.368000 286.608475 
  0.370000 287.001393 
  0.372000 292.611658 
  0.374000 286.634587 
  0.376000 280.411320 
  0.378000 283.204019 
  0.380000 274.290013 
  0.382000 270.041281 
  0.384000 269.134835 
  0.386000 266.316025 
  0.388000 271.731075 
  0.390000 264.746842 
  0.392000 267.680046 
  0.394000 260.611260 
  0.396000 269.837362 
  0.398000 263.939869 
  0.400000 261.586094 
  0.402000 250.894012 
  0.404000 252.895902 
  0.406000 249.660549 
  0.408000 247.361484 
  0.410000 249.399433 
  0.412000 250.262360 
  0.414000 255.043271 
  0.416000 244.162190 
  0.418000 241.735054 
  0.420000 235.845021 
  0.422000 233.654133 
  0.424000 245.087287 
  0.426000 236.747737 
  0.428000 238.272158 
  0.430000 233.619318 
  0.432000 237.829504 
  0.434000 231.628618 
  0.436000 223.294042 
  0.438000 234.846563 
  0.440000 230.779369 
  0.442000 224.643141 
  0.444000 225.721178 
  0.446000 226.981995 
  0.448000 216.463991 
  0.450000 221.120561 
  0.452000 223.192082 
  0.454000 217.477370 
  0.456000 223.628519 
  0.458000 213.088133 
  0.460000 211.015368 
  0.462000 219.060231 
  0.464000 205.502089 
  0.466000 201.390132 
  0.468000 213.510892 
  0.470000 206.848702 
  0.472000 213.592957 
  0.474000 206.454541 
  0.476000 203.280115 
  0.478000 200.308366 
  0.480000 204.936337 
  0.482000 199.439222 
  0.484000 196.780812 
  0.486000 201.622650 
  0.488000 201.503283 
  0.490000 201.299363 
  0.492000 198.036656 
  0.494000 200.225057 
  0.496000 193.367651 
  0.498000 197.503233 
  0.500000 192.065801 
  0.502000 188.566846 
  0.504000 188.898836 
  0.506000 185.832587 
  0.508000 196.934994 
  0.510000 189.337760 
  0.512000 186.323734 
  0.514000 184.163931 
  0.516000 176.723366 
  0.518000 185.373769 
  0.520000 178.574804 
  0.522000 175.208893 
  0.524000 178.648165 
  0.526000 181.214563 
  0.528000 185.544116 
  0.530000 185.320302 
  0.532000 171.033522 
  0.534000 181.920820 
  0.536000 171.793246 
  0.538000 168.327862 
  0.540000 178.659355 
  0.542000 180.924848 
  0.544000 172.286879 
  0.546000 176.146424 
  0.548000 169.515319 
  0.550000 173.210733 
  0.552000 172.245847 
  0.554000 162.080971 
  0.556000 171.007411 
  0.558000 170.890530 
  0.560000 171.907639 
  0.562000 165.179548 
  0.564000 166.745002 
  0.566000 171.339401 
  0.568000 167.560678 
  0.570000 172.393813 
  0.572000 161.290162 
  0.574000 165.315080 
  0.576000 163.325624 
  0.578000 160.299164 
  0.580000 167.081966 
  0.582000 170.879339 
  0.584000 153.996319 
  0.586000 158.093355 
  0.588000 159.581717 
  0.590000 159.994529 
  0.592000 160.624938 
  0.594000 158.669054 
  0.596000 161.246643 
  0.598000 152.837461 
  0.600000 150.777131 
  0.602000 154.258679 
  0.604000 144.432010 
  0.606000 149.053765 
  0.608000 154.473789 
  0.610000 152.831244 
  0.612000 157.803641 
  0.614000 153.479061 
  0.616000 151.304337 
  0.618000 151.770616 
  0.620000 145.991246 
  0.622000 141.237690 
  0.624000 149.993783 
  0.626000 146.686313 
  0.628000 151.155128 
  0.630000 153.690441 
  0.632000 151.516960 
  0.634000 139.234557 
  0.636000 149.690391 
  0.638000 146.798219 
  0.640000 141.301104 
  0.642000 141.437879 
  0.644000 152.843679 
  0.646000 150.008704 
  0.648000 139.479509 
  0.650000 141.413011 
  0.652000 145.763702 
  0.654000 140.466776 
  0.656000 147.669850 
  0.658000 138.374117 
  0.660000 139.498160 
  0.662000 139.949518 
  0.664000 136.046454 
  0.666000 131.556500 
  0.668000 134.878892 
  0.670000 147.000895 
  0.672000 135.817666 
  0.674000 135.028101 
  0.676000 140.083806 
  0.678000 132.944146 
  0.680000 139.189794 
  0.682000 143.832687 
  0.684000 132.576097 
  0.686000 141.329703 
  0.688000 134.505869 
  0.690000 124.139560 
  0.692000 130.783100 
  0.694000 130.140257 
  0.696000 131.963096 
  0.698000 127.128718 
  0.700000 129.110713 
  0.702000 125.266090 
  0.704000 133.547200 
  0.706000 133.825724 
  0.708000 129.319606 
  0.710000 121.239928 
  0.712000 132.554959 
  0.714000 122.636278 
  0.716000 130.135283 
  0.718000 120.015170 
  0.720000 131.452054 
  0.722000 127.101363 
  0.724000 122.830250 
  0.726000 124.377052 
  0.728000 128.605889 
  0.730000 130.146474 
  0.732000 123.320153 
  0.734000 130.842783 
  0.736000 124.185566 
  0.738000 126.094201 
  0.740000 122.380135 
  0.742000 123.330101 
  0.744000 122.385109 
  0.746000 124.462847 
  0.748000 122.045658 
  0.750000 118.845121 
  0.752000 122.075500 
  0.754000 112.997364 
  0.756000 125.755993 
  0.758000 120.636875 
  0.760000 124.048791 
  0.762000 119.895802 
  0.764000 117.415199 
  0.766000 109.163931 
  0.768000 112.383120 
  0.770000 127.578832 
  0.772000 123.251766 
  0.774000 114.108972 
  0.776000 112.407988 
  0.778000 122.906098 
  0.780000 122.137670 
  0.782000 115.602308 
  0.784000 107.267731 
  0.786000 106.457028 
  0.788000 115.855963 
  0.790000 114.928380 
  0.792000 116.971302 
  0.794000 121.002437 
  0.796000 116.102159 
  0.798000 110.157416 
  0.800000 108.956282 
  0.802000 120.192977 
  0.804000 102.888441 
  0.806000 111.993932 
  0.808000 106.743012 
  0.810000 112.001393 
  0.812000 107.605938 
  0.814000 112.825773 
  0.816000 104.728688 
  0.818000 105.964637 
  0.820000 107.210534 
  0.822000 114.810256 
  0.824000 109.513329 
  0.826000 110.726897 
  0.828000 106.639809 
  0.830000 106.639809 
  0.832000 113.617825 
  0.834000 105.689844 
  0.836000 105.090520 
  0.838000 101.368994 
  0.840000 104.504874 
  0.842000 106.080275 
  0.844000 101.465980 
  0.846000 100.186511 
  0.848000  98.710584 
  0.850000 108.969959 
  0.852000 104.549637 
  0.854000 107.684273 
  0.856000 106.035512 
  0.858000 104.210186 
  0.860000 107.342336 
  0.862000  99.055008 
  0.864000  92.294589 
  0.866000 102.834975 
  0.868000 104.421566 
  0.870000 101.028300 
  0.872000  96.522182 
  0.874000  97.821546 
  0.876000  95.120859 
  0.878000  95.921615 
  0.880000  88.604148 
  0.882000  90.138516 
  0.884000  97.401273 
  0.886000  92.656421 
  0.888000  92.392818 
  0.890000  90.390928 
  0.892000 102.342584 
  0.894000  83.849348 
  0.896000  95.263852 
  0.898000  94.206953 
  0.900000  92.333134 
  0.902000  93.043121 
  0.904000  82.450512 
  0.906000  96.351835 
  0.908000  89.883617 
  0.910000  90.495375 
  0.912000  82.905600 
  0.914000  92.703671 
  0.916000  86.949169 
  0.918000  81.881031 
  0.920000  87.406744 
  0.922000  88.647667 
  0.924000  91.787277 
  0.926000  91.542326 
  0.928000  81.575152 
  0.930000  84.799314 
  0.932000  83.195315 
  0.934000  83.507411 
  0.936000  77.220730 
  0.938000  82.048891 
  0.940000  93.064259 
  0.942000  79.557097 
  0.944000  90.653288 
  0.946000  84.495922 
  0.948000  83.468865 
  0.950000  77.745449 
  0.952000  95.950214 
  0.954000  82.431861 
