0.000	108.4529868
0.002	108.4529868
0.004	108.9929111
0.006	106.1987707
0.008	97.40849305
0.01	103.9380806
0.012	96.55782103
0.014	99.81031438
0.016	93.78051281
0.018	104.263071
0.02	91.93285834
0.022	94.58586745
0.024	104.3990232
0.026	91.84351836
0.028	96.43611148
0.03	86.98937919
0.032	97.21945482
0.034	95.1037804
0.036	105.0205187
0.038	95.96222113
0.04	99.35584576
0.042	109.5574362
0.044	95.7511716
0.046	111.7132489
0.048	96.24577847
0.05	97.39425045
0.052	90.04506562
0.054	106.4590219
0.056	90.08779344
0.058	105.1927248
0.06	102.2419157
0.062	94.74512568
0.064	97.04983833
0.066	100.3748395
0.068	98.85735454
0.07	106.7309262
0.072	102.6316452
0.074	107.6670539
0.076	90.60700118
0.078	87.18877568
0.08	94.43049356
0.082	105.1758926
0.084	116.6204741
0.086	187.8231471
0.088	357.7723988
0.09	561.7770169
0.092	718.3408083
0.094	825.5138308
0.096	882.6344506
0.098	916.4321552
0.1	942.5958229
0.102	962.1548056
0.104	968.8475358
0.106	974.9135913
0.108	982.4738256
0.11	983.5938124
0.112	992.53299
0.114	1000
0.116	993.4199159
0.118	983.9045602
0.12	983.280475
0.122	981.8031283
0.124	984.6011531
0.126	977.800956
0.128	961.1189797
0.13	959.5613565
0.132	946.979956
0.134	941.0330205
0.136	951.3122979
0.138	928.4606836
0.14	927.666982
0.142	915.9673283
0.144	898.9875521
0.146	908.8253087
0.148	890.9430691
0.15	887.0185837
0.152	880.6858031
0.154	877.2365028
0.156	862.3115462
0.158	852.1824636
0.16	849.9657962
0.162	839.066318
0.164	835.8798586
0.166	823.923838
0.168	810.2004395
0.17	804.182291
0.172	799.9172778
0.174	804.1460371
0.176	767.8183276
0.178	772.8899903
0.18	761.3806696
0.182	752.2537486
0.184	737.4025946
0.186	737.9192128
0.188	736.0883905
0.19	722.8026284
0.192	715.2631106
0.194	726.4824
0.196	700.6955139
0.198	696.6350764
0.2	682.0143937
0.202	682.5633814
0.204	675.7644791
0.206	686.0178608
0.208	666.5585763
0.21	660.7877312
0.212	656.6237111
0.214	642.7695395
0.216	633.6089541
0.218	629.3905531
0.22	627.0858405
0.222	612.7046925
0.224	611.2415884
0.226	608.1794281
0.228	601.9437561
0.23	592.823309
0.232	579.7175216
0.234	576.1957136
0.236	573.0597506
0.238	566.2129413
0.24	561.782196
0.242	565.8516971
0.244	551.6181543
0.246	544.4877877
0.248	550.8412849
0.25	532.4346584
0.252	529.6444024
0.254	527.9469427
0.256	514.4825007
0.258	507.8441514
0.26	503.6529408
0.262	503.6904895
0.264	501.6771029
0.266	500.8484421
0.268	480.4323135
0.27	475.7206003
0.272	470.8509238
0.274	472.1340531
0.276	467.3653696
0.278	473.7758372
0.28	456.2134089
0.282	445.1080604
0.284	452.4572452
0.286	447.4593852
0.288	439.5094213
0.29	441.6755923
0.292	427.9742051
0.294	433.7036171
0.296	431.5154349
0.298	430.848622
0.3	417.6975173
0.302	416.5930679
0.304	404.9853438
0.306	403.6102849
0.308	402.0927999
0.31	397.1467312
0.312	391.7643208
0.314	394.7462047
0.316	379.6503368
0.318	382.8031319
0.32	380.6835732
0.322	372.9420693
0.324	373.610177
0.326	366.9252155
0.328	368.8635048
0.33	353.9320743
0.332	353.3558961
0.334	354.8280637
0.336	358.1142214
0.338	349.1271368
0.34	347.0865598
0.342	352.5091084
0.344	344.4905211
0.346	340.2798888
0.348	333.2013135
0.35	328.9712594
0.352	327.765817
0.354	335.9825061
0.356	324.1766802
0.358	320.7338539
0.36	320.5266887
0.362	317.5279727
0.364	313.0052978
0.366	310.9957956
0.368	304.6422984
0.37	301.0531616
0.372	307.9854265
0.374	300.4834574
0.376	313.3885534
0.378	288.6400829
0.38	281.9654797
0.382	290.8515712
0.384	292.2577049
0.386	283.3547812
0.388	288.2956708
0.39	288.5455638
0.392	285.9301033
0.394	279.131201
0.396	283.4661324
0.398	285.378526
0.4	270.5610364
0.402	271.3327267
0.404	267.0418179
0.406	266.475998
0.408	273.9080489
0.41	268.7509306
0.412	264.0884193
0.414	264.8756469
0.416	251.7012362
0.418	251.3995519
0.42	257.0849413
0.422	254.1431957
0.424	249.6153417
0.426	254.4189844
0.428	250.2847442
0.43	250.8402059
0.432	243.7810523
0.434	239.7050773
0.436	241.241984
0.438	237.1401134
0.44	228.8832862
0.442	237.0261726
0.444	236.601484
0.446	236.8371344
0.448	226.0606606
0.45	232.8802794
0.452	224.9665694
0.454	224.1650991
0.456	208.5979305
0.458	222.4870612
0.46	221.4797205
0.462	211.0774388
0.464	214.8815094
0.466	205.6937336
0.468	223.7727801
0.47	219.4326695
0.472	212.7865515
0.474	204.6009373
0.476	210.2151137
0.478	208.0023306
0.48	208.5862775
0.482	201.2642831
0.484	208.3182575
0.486	213.4455958
0.488	207.0687925
0.49	204.6449599
0.492	209.7360442
0.494	200.181845
0.496	200.4692867
0.498	190.2301476
0.5	198.9168426
0.502	200.1028633
0.504	196.9189934
0.506	193.3091401
0.508	189.2111538
0.51	204.4766382
0.512	193.155061
0.514	183.6668957
0.516	193.0165193
0.518	194.273753
0.52	191.2193613
0.522	182.0730185
0.524	178.9694252
0.526	192.625495
0.528	171.7277073
0.53	166.731142
0.532	186.1800683
0.534	172.4618489
0.536	175.9163283
0.538	182.6543758
0.54	182.153295
0.542	173.5701826
0.544	174.0324199
0.546	179.5274764
0.548	174.7471398
0.55	168.6111661
0.552	166.6443916
0.554	165.6461144
0.556	162.6888314
0.558	173.6025522
0.56	160.364697
0.562	172.2663367
0.564	172.7920184
0.566	169.9473815
0.568	168.730286
0.57	159.7030632
0.572	161.3267204
0.574	169.0306756
0.576	167.9352897
0.578	154.5226389
0.58	157.8696514
0.582	158.752693
0.584	155.1790936
0.586	144.6434493
0.588	153.9127964
0.59	146.1065534
0.592	150.8972482
0.594	160.2391031
0.596	154.5226389
0.598	153.7600121
0.6	140.2385996
0.602	151.7854689
0.604	151.8916411
0.606	147.4880862
0.608	152.5493906
0.61	152.8523696
0.612	147.4621906
0.614	145.609357
0.616	143.4380069
0.618	143.9248451
0.62	137.1738497
0.622	146.5416003
0.624	140.9364873
0.626	141.4712325
0.628	140.8419682
0.63	137.3900784
0.632	149.3033711
0.634	141.7703272
0.636	146.4095325
0.638	140.6153813
0.64	139.3633267
0.642	137.2101036
0.644	135.0219214
0.646	133.2558382
0.648	133.4034434
0.65	130.0227666
0.652	143.3383087
0.654	133.2157
0.656	137.8833905
0.658	136.1173073
0.66	130.2467639
0.662	141.3857768
0.664	123.0801434
0.666	139.6455893
0.668	134.6024119
0.67	125.5195134
0.672	124.183298
0.674	124.8034988
0.676	131.4962289
0.678	124.3826945
0.68	131.9519923
0.682	129.5074432
0.684	134.4716389
0.686	127.4707505
0.688	142.1367506
0.69	135.7185143
0.692	119.524671
0.694	124.4228328
0.696	121.3464298
0.698	129.2342441
0.7	115.8915116
0.702	119.2773676
0.704	124.0771259
0.706	132.6913131
0.708	119.1880276
0.71	133.167793
0.712	117.9890591
0.714	122.8160078
0.716	127.991253
0.718	118.3412399
0.72	118.2803851
0.722	115.6804621
0.724	114.2833919
0.726	118.8902276
0.728	118.7594546
0.73	114.9087718
0.732	113.9687598
0.734	125.8574517
0.736	114.6847744
0.738	117.5760235
0.74	106.5392984
0.742	116.4897011
0.744	118.8500894
0.746	108.3183294
0.748	103.0511547
0.75	120.6589004
0.752	106.452548
0.754	105.1202169
0.756	109.8409935
0.758	119.9325275
0.76	102.5772643
0.762	112.2195088
0.764	108.8854441
0.766	110.7240351
0.768	109.4577379
0.77	100.9199429
0.772	107.0947601
0.774	110.2346074
0.776	119.0935085
0.778	111.7041854
0.78	99.9708674
0.782	104.0662641
0.784	111.4581767
0.786	98.98942235
0.788	105.3364456
0.79	105.6989847
0.792	109.5962797
0.794	110.718856
0.796	107.4288139
0.798	116.0533594
0.8	99.04639277
0.802	107.3032201
0.804	112.718
0.806	108.9773737
0.808	110.8612821
0.81	115.407263
0.812	110.3420743
0.814	103.0641025
0.816	101.6178306
0.818	95.57637598
0.82	106.0951881
0.822	109.9199753
0.824	106.1223785
0.826	94.09773449
0.828	105.3260873
0.83	107.2410705
0.832	106.5056341
0.834	100.003237
0.836	102.51382
0.838	109.1431058
0.84	106.2479724
0.842	108.9022763
0.844	108.8660224
0.846	96.34159237
0.848	100.633796
0.85	91.39293408
0.852	108.7624398
0.854	105.732649
0.856	93.71318412
0.858	107.6994235
0.86	95.30058733
0.862	96.29756977
0.864	106.6118063
0.866	96.06191937
0.868	101.984254
0.87	100.0692709
0.872	105.9980794
0.874	90.62771769
0.876	105.3325613
0.878	98.47021461
0.88	112.6985783
0.882	108.0360669
0.884	107.9907495
0.886	108.8375372
0.888	103.2104129
0.89	89.05714666
0.892	112.3619348
0.894	99.75204917
0.896	99.78959786
0.898	113.2514503
0.9	110.9415586
0.902	96.92812879
0.904	105.7818507
0.906	99.92296045
0.908	107.9091782
0.91	95.27080733
0.912	101.8068688
0.914	96.35065584
0.916	115.2013926
0.918	108.2807808
0.92	109.6558396
0.922	98.19442596
0.924	105.6161186
0.926	102.9307399
0.928	109.9950726
0.93	102.0347505
0.932	105.8414107
0.934	113.9415693
0.936	105.4788717
0.938	96.28073759
0.94	101.835354
0.942	104.3135675
0.944	95.53494294
0.946	101.2384594
0.948	106.7555271
0.95	100.6493334
0.952	116.4081298
0.954	112.8125191
0.956	101.0312942
0.958	105.4633343
0.96	114.1034171
0.962	101.0986229
0.964	109.5664997
0.966	119.7642057
0.968	106.4952758
0.97	107.0921705
0.972	107.8068904
0.974	108.6226033
0.976	110.2579135
0.978	109.8396987
0.98	115.4409274
0.982	111.1280072
0.984	105.9566464
0.986	96.35712976
0.988	98.02869382
0.99	112.1392323
0.992	99.23284144
0.994	110.2915778
0.996	110.7318038
0.998	100.1378943
1	105.7935038
