0.002	127.6249174
0.004	127.7142606
0.006	114.926696
0.008	118.9726667
0.01	130.7110868
0.012	116.71356
0.014	125.0033326
0.016	112.5067716
0.018	127.4066647
0.02	121.3785514
0.022	111.8201053
0.024	105.4665275
0.026	119.4219353
0.028	120.7072011
0.03	121.5342638
0.032	118.6880447
0.034	118.2387761
0.036	109.3555094
0.038	120.3702496
0.04	116.074118
0.042	118.9599033
0.044	121.2062466
0.046	120.9739543
0.048	110.8041455
0.05	110.1889538
0.052	111.8775403
0.054	121.8495177
0.056	114.6790877
0.058	124.0141758
0.06	113.7486421
0.062	124.7276451
0.064	115.4933872
0.066	105.7115831
0.068	104.5105553
0.07	112.2234261
0.072	115.0390132
0.074	122.3511159
0.076	120.4417241
0.078	119.7882424
0.08	121.9401372
0.082	111.7869207
0.084	120.9305591
0.086	121.1577461
0.088	121.6899763
0.09	118.935653
0.092	110.270639
0.094	116.7071784
0.096	109.4320892
0.098	112.6382338
0.1	106.6943583
0.102	117.0275376
0.104	104.8730334
0.106	107.4882365
0.108	117.1615524
0.11	104.7849665
0.112	109.3121141
0.114	100
0.116	110.0842946
0.118	107.998769
0.12	117.7741914
0.122	108.8449768
0.124	112.1902415
0.126	122.2464568
0.128	108.6369348
0.13	124.3715486
0.132	109.1244934
0.134	110.2565993
0.136	103.0121422
0.138	119.1921957
0.14	103.0542611
0.142	117.9439435
0.144	115.0351842
0.146	107.6452252
0.148	109.9170952
0.15	113.1947143
0.152	111.6988539
0.154	119.4602253
0.156	115.41936
0.158	120.3830129
0.16	103.56607
0.162	100.196555
0.164	107.3350767
0.166	117.9273512
0.168	129.2088447
0.17	199.3968625
0.172	366.9242965
0.174	568.0217997
0.176	722.3545195
0.178	828.0003006
0.18	884.3069379
0.182	917.6230171
0.184	943.4138462
0.186	962.6941087
0.188	969.2914659
0.19	975.2710786
0.192	982.7235778
0.194	983.8276045
0.196	992.6393967
0.198	1000
0.2	993.5136837
0.202	984.133924
0.204	983.5187323
0.206	982.0624381
0.208	984.8205903
0.21	978.1172977
0.212	961.6730436
0.214	960.1376169
0.216	947.7355044
0.218	941.8733142
0.22	952.0061094
0.222	929.480136
0.224	928.6977449
0.226	917.1648141
0.228	900.4270038
0.23	910.1245699
0.232	892.4971566
0.234	888.6285961
0.236	882.3860591
0.238	878.9859121
0.24	864.2736398
0.242	854.288899
0.244	852.1038196
0.246	841.3596617
0.248	838.21861
0.25	826.4329657
0.252	812.9051289
0.254	806.9727404
0.256	802.7685047
0.258	806.9370031
0.26	771.1269723
0.262	776.1263625
0.264	764.7810524
0.266	755.7841922
0.268	741.1446707
0.27	741.653927
0.272	739.8491944
0.274	726.7527576
0.276	719.3206797
0.278	730.3800915
0.28	704.9606748
0.282	700.9580995
0.284	686.545765
0.286	687.0869295
0.288	680.3849132
0.29	690.4921818
0.292	671.3101968
0.294	665.6215876
0.296	661.5169057
0.298	647.8601595
0.3	638.8301146
0.302	634.6718268
0.304	632.3999569
0.306	618.2237437
0.308	616.7814892
0.31	613.7629654
0.312	607.6161533
0.314	598.6256747
0.316	585.706648
0.318	582.2350265
0.32	579.1437518
0.322	572.3945112
0.324	568.0269051
0.326	572.0384147
0.328	558.0077034
0.33	550.9789462
0.332	557.2419045
0.334	539.097577
0.336	536.3470827
0.338	534.6738122
0.34	521.4012417
0.342	514.8574905
0.344	510.7260057
0.346	510.7630193
0.348	508.7783239
0.35	507.9614718
0.352	487.8362779
0.354	483.1917078
0.356	478.3914253
0.358	479.6562698
0.36	474.9555411
0.362	481.274658
0.364	463.9624985
0.366	453.0154039
0.368	460.2598611
0.37	455.3332218
0.372	447.4965468
0.374	449.6318493
0.376	436.1257101
0.378	441.7734767
0.38	439.6164766
0.382	438.9591659
0.384	425.9954676
0.386	424.9067569
0.388	413.4644457
0.39	412.1089817
0.392	410.6131213
0.394	405.7375352
0.396	400.4318255
0.398	403.3712167
0.4	388.4904686
0.402	391.5983357
0.404	389.5089811
0.406	381.8777955
0.408	382.5363825
0.41	375.9466834
0.412	377.8573515
0.414	363.1386975
0.416	362.57073
0.418	364.0219189
0.42	367.261248
0.422	358.4022316
0.424	356.3907333
0.426	361.7360093
0.428	353.8316888
0.43	349.681059
0.432	342.703355
0.434	338.5335803
0.436	337.3453157
0.438	345.444915
0.44	333.807325
0.442	330.4135597
0.444	330.2093467
0.446	327.2533631
0.448	322.7951375
0.45	320.8142711
0.452	314.5513128
0.454	311.0133221
0.456	317.8468005
0.458	310.4517362
0.46	323.1729316
0.462	298.7771327
0.464	292.1976442
0.466	300.9571068
0.468	302.3432027
0.47	293.5671478
0.472	298.4376285
0.474	298.6839605
0.476	296.105771
0.478	289.4037547
0.48	293.6769123
0.482	295.5620538
0.484	280.955717
0.486	281.7164105
0.488	277.4866482
0.49	276.9288913
0.492	284.2550337
0.494	279.1714056
0.496	274.5753362
0.498	275.3513457
0.5	262.3646734
0.502	262.0672882
0.504	267.6716595
0.506	264.7718345
0.508	260.3085035
0.51	265.0436931
0.512	260.9683668
0.514	261.515913
0.516	254.5573541
0.518	250.5394627
0.52	252.0544682
0.522	248.0110502
0.524	239.8718847
0.526	247.898733
0.528	247.4800963
0.53	247.7123886
0.532	237.0894822
0.534	243.8119198
0.536	236.0109821
0.538	235.220933
0.54	219.8756002
0.542	233.5668074
0.544	232.5738216
0.546	222.3197749
0.548	226.0696366
0.55	217.0127888
0.552	234.8342045
0.554	230.5559416
0.556	224.0045324
0.558	215.9355651
0.56	221.4697382
0.562	219.2884878
0.564	219.8641132
0.566	212.646459
0.568	219.5999126
0.57	224.6541851
0.572	218.3682528
0.574	215.9789604
0.576	220.9974956
0.578	211.579446
0.58	211.8627915
0.582	201.7695626
0.584	210.3324702
0.586	211.5015897
0.588	208.3630908
0.59	204.8046787
0.592	200.7650898
0.594	215.8130373
0.596	204.6527953
0.598	195.2998386
0.6	204.5162278
0.602	205.7555457
0.604	202.7446798
0.606	193.7286746
0.608	190.6693082
0.61	204.1307758
0.612	183.5307865
0.614	178.6054236
0.616	197.7771979
0.618	184.2544665
0.62	187.6597187
0.622	194.3017474
0.624	193.8078072
0.626	185.3470062
0.628	185.8026565
0.63	191.219407
0.632	186.5071914
0.634	180.4586568
0.636	178.5199094
0.638	177.5358578
0.64	174.6207168
0.642	185.3789144
0.644	172.3297019
0.646	184.0617404
0.648	184.579931
0.65	181.7758308
0.652	180.5760793
0.654	171.6774966
0.656	173.2780162
0.658	180.8721882
0.66	179.7924118
0.662	166.5708945
0.664	169.8702113
0.666	170.7406693
0.668	167.2179946
0.67	156.8324858
0.672	165.9697424
0.674	158.2747403
0.676	162.9971665
0.678	172.2058978
0.68	166.5708945
0.682	165.8191353
0.684	152.4904062
0.686	163.8727299
0.688	163.9773891
0.69	159.6365859
0.692	164.6257654
0.694	164.924427
0.696	159.6110593
0.698	157.784629
0.7	155.6442212
0.702	156.1241218
0.704	149.4693298
0.706	158.7035876
0.708	153.1783489
0.71	153.7054738
0.712	153.0851767
0.714	149.6824771
0.716	161.4260026
0.718	154.0003063
0.72	158.5734018
0.722	152.8618187
0.724	151.6276062
0.726	149.505067
0.728	147.3480669
0.73	145.6071509
0.732	145.7526526
0.734	142.4201513
0.736	155.5459437
0.738	145.5675846
0.74	150.1687594
0.742	148.4278433
0.744	142.6409566
0.746	153.6212359
0.748	135.5764622
0.75	151.9058464
0.752	146.9345355
0.754	137.9810706
0.756	136.6638966
0.758	137.2752593
0.76	143.8726165
0.762	136.8604516
0.764	144.3218851
0.766	141.9121714
0.768	146.8056261
0.77	139.904502
0.772	154.3615081
0.774	148.0347332
0.776	132.0716561
0.778	136.9000179
0.78	133.8674544
0.782	141.6428654
0.784	128.4902701
0.786	131.8278768
0.788	136.5592374
0.79	145.0506704
0.792	131.7398099
0.794	145.5203603
0.796	130.557927
0.798	135.3160906
0.8	140.4175873
0.802	130.9050892
0.804	130.8451016
0.806	128.2822281
0.808	126.9050665
0.81	131.4462537
0.812	131.3173442
0.814	127.5215345
0.816	126.5949179
0.818	138.3141931
0.82	127.3007292
0.822	130.1507773
0.824	119.2713282
0.826	129.0799352
0.828	131.4066874
0.83	121.0250076
0.832	115.8328913
0.834	133.1897224
0.836	119.185814
0.838	117.872469
0.84	122.5259733
0.842	132.4737005
0.844	115.365754
0.846	124.8705942
0.848	121.5840408
0.85	123.3964314
0.852	122.1481792
0.854	113.7320498
0.856	119.8188744
0.858	122.9139781
0.86	131.6466377
0.862	124.3626143
0.864	112.7964989
0.866	116.8335352
0.868	124.1201113
0.87	111.8290397
0.872	118.0856163
0.874	118.4429891
0.876	122.2847467
0.878	123.3913261
0.88	120.1481679
0.882	128.6498115
0.884	111.8851982
0.886	120.0243637
0.888	125.3619818
0.89	121.6746603
0.892	123.5317225
0.894	128.0129221
0.896	123.0199136
0.898	115.8456547
0.9	114.4199925
0.902	108.46463
0.904	118.8335465
0.906	122.6038296
0.908	118.8603495
0.91	107.0070595
0.912	118.0754057
0.914	119.9630998
0.916	119.2381436
0.918	112.8284072
0.92	115.3032138
0.922	121.8380307
0.924	118.9841536
0.926	121.6006331
0.928	121.5648958
0.93	109.2189419
0.932	113.4499806
0.934	104.3408032
0.936	121.4627893
0.938	118.4761737
0.94	106.6279891
0.942	120.4149212
0.944	108.1927714
0.946	109.1755466
0.948	119.3428028
0.95	108.9432543
0.952	114.7811942
0.954	112.8935001
0.956	118.7378217
0.958	103.5864913
0.96	118.0817873
0.962	111.3172308
0.964	125.3428368
0.966	120.7467673
0.968	120.7020957
0.97	121.5368165
0.972	115.9898801
0.974	102.0383013
0.976	125.0109906
0.978	112.5807989
0.98	112.6178125
0.982	125.8878303
0.984	123.6108551
0.986	109.79712
0.988	118.5246743
0.99	112.7492746
0.992	120.6216869
0.994	108.1634158
0.996	114.6063368
0.998	109.2278762
1	127.8099854